12003264
2829789
20529119
1606054
478442
5703695
688683
482172
1907501
113300
4191018
496303
4189573
1847337
146316
1167915
1589608
3150062
407711
123071
2117534
118168
1183351
4786955
578619
9574643
409468
1099053
1744190
1470158
494960
3468353
5675723
24963785
464990
14629232
777239
1288541
454136
10173933
2684415
7234900
459949
203637
3452766
10846761
6562307
344402
994860
1477492
1527524
227820
4056056
218431
2127383
352285
5846722
4573591
2959514
696310
10982719
4079530
3984765
318705
345636
2807543
382816
13826792
656840
905002
267465
252442
344744
1606482
799479
1959872
854184
10703286
1947334
3753486
2219174
7459049
4391794
8098473
3009169
310023
432320
931799
443265
1482065
878622
2237126
2913022
215672
296807
196924
4726978
1979417
1152382
543210
1659342
315410
347054
5755635
6788972
1079980
2614364
2729788
260023
645603
6697996
338730
8307945
3906913
1555440
760415
532293
2419347
3746725
1438441
8532285
1467622
3824587
169928
723547
3114875
261614
7605320
1573478
1603858
757689
9450517
11602140
181602
152951
722889
11078841
140525
208343
475531
4299319
2673348
265198
363323
5172854
133668
241212
3473602
190455
156264
370055
134228
239950
1259402
8207263
741507
9060386
5472262
3091917
10358322
1973971
14609190
5368024
557239
1030994
18353106
65941
2302542
1118548
4044411
1156728
1376943
3981421
1278112
5427722
5489504
15065047
415744
550852
2270041
2108438
190145
3336367
1027416
8820788
370236
33134844
536961
27697262
1132961
2084020
3286021
382745
1150338
697008
510519
9407013
305378
4348929
313811
613087
20712034
4361454
73645
15665937
442725
19686345
5696536
1225223
15583928
1820469
1797114
1043652
472055
178658
815098
15191469
3139159
195781
1226129
8751685
8845960
568142
334653
9108577
180519
4497334
271914
2252843
1806147
111596
132212
2599369
6820905
5020782
16359535
360256
1367486
257844
562211
317155
958043
2180602
654621
13312049
5724903
11601637
142535
401299
3277210
