1.200635986581353471e+07
2.830304035794315860e+06
2.053213936094931886e+07
1.606325278938368196e+06
4.784929393929651706e+05
5.704208274981657974e+06
6.887809338740271050e+05
4.822514057882537600e+05
1.907783354629672132e+06
1.133045794807640632e+05
4.191733190942568704e+06
4.964330520519074053e+05
4.190066408317530528e+06
1.847737047122807475e+06
1.463324554155028018e+05
1.168041064899324439e+06
1.589828986110505648e+06
3.150426356449665036e+06
4.078087146436418989e+05
1.230871254593735212e+05
2.118074663505945355e+06
1.181722597225323698e+05
1.183542426314908080e+06
4.787888000518322922e+06
5.787190194991711760e+05
9.577052209503602237e+06
4.095402616862617433e+05
1.099225183729605051e+06
1.744305127907106420e+06
1.470513865348316263e+06
4.950060826873353217e+05
3.469182322553925216e+06
5.676085607322793454e+06
2.496867165611918271e+07
4.650479755225772969e+05
1.463115619304225780e+07
7.774314738882150268e+05
1.288722743127892492e+06
4.542048832999186707e+05
1.017600379318212718e+07
2.684865667254325468e+06
7.236545492221667431e+06
4.600044669163635117e+05
2.036625353383952752e+05
3.453169349618260749e+06
1.084974557045479678e+07
6.564002796766733751e+06
3.444318348011512426e+05
9.951180495631281519e+05
1.477675329311484937e+06
1.527827682298495900e+06
2.278696034281692118e+05
4.057160681177299470e+06
2.184715800959128246e+05
2.127614235225321259e+06
3.523239159964206046e+05
5.847000609113074839e+06
4.574771246864802204e+06
2.959983894560340792e+06
6.964949491099144798e+05
1.098539972573044896e+07
4.080169330841022544e+06
3.985756637418814935e+06
3.187594851489649736e+05
3.456886443323678104e+05
2.808170114088868257e+06
3.828586893303552060e+05
1.382965862868169881e+07
6.569291254360356834e+05
9.051315208932092646e+05
2.674966306962667732e+05
2.524896293293006311e+05
3.448134259250873583e+05
1.606853343218406662e+06
7.996603441748243058e+05
1.960281353394959588e+06
8.543324738918007351e+05
1.070526264618272334e+07
1.947607028858014848e+06
3.753992930986399297e+06
2.219730544999133330e+06
7.460248309918083251e+06
4.392554034590845928e+06
8.100288490380792879e+06
3.009878189146759454e+06
3.100639223093928304e+05
4.323717666326364269e+05
9.319400342227354413e+05
4.433447647572499700e+05
1.482462168948063627e+06
8.787830390320805600e+05
2.237344642067207024e+06
2.913535621781449765e+06
2.157154383393265598e+05
2.968445525298792054e+05
1.969396326465941092e+05
4.728163785493117757e+06
1.979565732916292036e+06
1.152511629931255011e+06
5.433317849175580777e+05
1.659575403858911246e+06
3.154770284493533545e+05
3.471050966272513033e+05
5.756034289905720390e+06
6.790654257287143730e+06
1.080147227183083072e+06
2.614995445802942384e+06
2.730269171023106668e+06
2.600841212137024559e+05
6.457314957453979878e+05
6.699164822684488259e+06
3.388156383955858182e+05
8.309816630402419716e+06
3.907637561578898691e+06
1.555622148523793323e+06
7.605438143496400444e+05
5.323400619115837617e+05
2.419664396314995363e+06
3.747549730434994213e+06
1.438822194639351219e+06
8.534001936831196770e+06
1.467963493594900938e+06
3.825150060120090377e+06
1.699372176830978424e+05
7.236382401787416311e+05
3.115648787390107755e+06
2.616330638263742439e+05
7.606354654563565738e+06
1.573735692190194735e+06
1.604086831514763180e+06
7.578903910030975239e+05
9.451245182334842160e+06
1.160380178330724314e+07
1.816363452823495609e+05
1.529723817537938303e+05
7.230299163085693726e+05
1.108067632314382493e+07
1.405346860581319197e+05
2.083765682018089574e+05
4.755801475342700724e+05
4.300476071555129252e+06
2.673721103302524891e+06
2.652323783180394676e+05
3.633443329894659109e+05
5.173569074890839867e+06
1.336852836437152582e+05
2.412221394623893430e+05
3.474183235528423917e+06
1.904804595019545814e+05
1.562849678151198314e+05
3.701203932499778457e+05
1.342462869220967114e+05
2.400026052451429132e+05
1.259666620484332321e+06
8.208585633024470881e+06
7.416403337293957593e+05
9.062564700363274664e+06
5.473134291745020077e+06
3.092389352869762108e+06
1.036033379866614752e+07
1.974340146320682252e+06
1.461168912672435306e+07
5.369110194302436896e+06
5.572966932536262320e+05
1.031267677369106095e+06
1.835838863063231111e+07
6.594718251763844455e+04
2.303041946330376435e+06
1.118690008169915061e+06
4.044920159481220413e+06
1.157006782370328438e+06
1.377186031597850611e+06
3.982038062277380377e+06
1.278281680553236511e+06
5.428620165414066054e+06
5.490404980103104375e+06
1.506933802845990099e+07
4.158093378310004482e+05
5.509526571084967582e+05
2.270224328672036063e+06
2.108605355737359729e+06
1.901740510199030687e+05
3.336989633305329364e+06
1.027456911077866447e+06
8.822637996799128130e+06
3.703161163740905467e+05
3.314151969726510718e+07
5.371018944309466751e+05
2.770204735770774260e+07
1.133109633898562985e+06
2.084402515735707944e+06
3.286655384783447720e+06
3.827917960422325996e+05
1.150556703397536185e+06
6.970798749931922648e+05
5.105744904333870509e+05
9.407808944130480289e+06
3.054503094439970446e+05
4.350040215240444988e+06
3.138476642134978320e+05
6.132160687701335410e+05
2.071599282355884463e+07
4.361987084254910238e+06
7.365215797891699185e+04
1.567036798062776402e+07
4.427426460511614569e+05
1.968922424911562726e+07
5.696881706581543200e+06
1.225554525452267379e+06
1.558764619359426200e+07
1.820642997844167752e+06
1.797319808423385024e+06
1.043858984797170269e+06
4.720754315084959962e+05
1.786920949961800652e+05
8.152152235036694910e+05
1.519420612753722630e+07
3.139693579391392879e+06
1.958115088694916049e+05
1.226328087824170711e+06
8.752371040179751813e+06
8.848089587130559608e+06
5.682088601086380659e+05
3.346976364877606393e+05
9.110441904185984284e+06
1.805401228083523747e+05
4.498325290145501494e+06
2.719517681303345016e+05
2.253182272743198089e+06
1.806372168859244091e+06
1.116081394194201130e+05
1.322193161897458776e+05
2.599853586011616047e+06
6.821317148527307436e+06
5.021790835337264463e+06
1.636381748134123161e+07
3.603004219262719853e+05
1.367848358777937712e+06
2.578903990373870183e+05
5.623116641280439217e+05
3.172306931209748727e+05
9.581757114082589978e+05
2.181107527021208778e+06
6.546801636278178776e+05
1.331378845317284204e+07
5.726307027573513798e+06
1.160327904172580317e+07
1.425568104826986673e+05
4.013853536220266833e+05
3.277602360707660671e+06
