1.128717852844669522e-01
-8.786025693923589230e-01
7.544993703394224926e-01
1.593738509299217343e-01
8.569827941437400121e-01
2.765178145561613121e-01
1.616036736974116039e-01
9.298183462784552766e-01
9.919610863885348628e-01
8.816572059568108521e-01
1.029915855922800105e+00
7.787664443968771166e-03
-6.772094280915119668e-01
4.887214401642010486e-01
-1.136473494724512534e-01
6.463822480698926398e-01
4.656894174173491496e-01
7.497799912090847840e-01
-6.528419016392099650e-01
-5.690773717808603749e-01
-2.316783387591261345e-01
-5.682710834098330110e-01
1.281419119114524108e-01
-8.325204969746806682e-01
-9.135833241342812272e-01
-9.108193393943393446e-01
-5.506163770339327357e-01
-5.867420294389358304e-01
-6.133110326865960360e-01
6.808697294493022412e-01
5.097513798250363770e-01
1.059286849160296473e+00
2.015630330422268912e-01
-9.476261440527977697e-02
3.748339123000974382e-01
9.206562367531008206e-01
1.002103904844524607e-01
7.495659541191910247e-01
-4.777620609761719095e-01
6.824872628437776978e-01
-5.201614280871993401e-01
-1.569012063320549544e-01
-2.180318199403865620e-01
-6.130301148399044386e-01
3.688637356457817873e-01
9.357476583852699648e-01
7.394897841500550628e-01
4.497553344918100438e-01
9.203059789570671168e-01
-7.320623763855547139e-01
8.690436292142007524e-01
6.779930309229059704e-01
-9.198633193483463089e-02
-8.598227030310337526e-03
3.110366279470048179e-01
2.677211110196388022e-01
4.473783888282015786e-01
-9.942566653103752650e-01
-5.183727207623167743e-01
1.024491887518126143e+00
1.037869635027333093e+00
-5.483813149375833529e-01
-8.969824662550109906e-01
-2.627921009804463637e-01
8.821609539005788037e-01
5.522054299023668733e-01
8.973083096920673185e-01
-5.584730907387993604e-01
5.350337836172869288e-01
6.607217891339707272e-01
-6.650366892137000718e-01
1.244561016157822997e-01
-8.909614677879815758e-01
9.358778323913647945e-01
7.063108031412017596e-01
5.430135285479189555e-01
2.853690108859696650e-01
-9.478587568490195459e-01
2.328278737470811932e-01
1.147216372604265566e-01
2.116375172029494323e-01
-7.167712665347281131e-01
-9.249301804987020148e-01
5.488539993011762874e-01
-1.932463936694777118e-01
-8.458850707345659803e-01
-2.586093840233480989e-01
7.563953826433333916e-01
9.123295701670999236e-01
-4.993063452188550855e-01
-7.953794783166019400e-01
-3.766062530221816473e-01
8.695184130838455872e-01
3.552748692153845367e-02
1.057574759859825519e+00
2.248451836608147403e-01
-8.763423434981021387e-02
-8.751001842059258351e-01
-9.845812143736866195e-01
6.841048570786847360e-01
-7.645767596788588527e-01
6.308163394192053963e-02
9.130504691886593971e-01
3.061040103096552834e-01
8.013395958833320343e-01
-9.791399262456728092e-01
-5.515919499019972250e-01
-2.704720596426142265e-01
7.546908664756468710e-01
-8.092745005813490877e-01
4.448485282661174267e-02
-8.880827438924914219e-01
4.949296084624421610e-01
6.769527155860268763e-01
-9.128144064466727770e-01
-8.964110229677606512e-01
4.041026092463700925e-01
1.149506285223935720e-01
4.039584051362510309e-03
5.127154094052244204e-01
-4.341715981877953823e-01
1.862092281686764661e-01
2.041879073352248497e-02
-3.285379467958442490e-01
3.055276777715034697e-01
-2.559600306315736873e-01
-4.197806381657613883e-01
5.987961187830054266e-01
-7.943543381173023832e-01
1.053776934988684744e+00
1.783133761898223479e-01
1.554559378537054559e-01
-3.283140269363364894e-01
2.052158582295788847e-01
4.491976060380586944e-02
1.462033375015399927e-01
-9.356877161656038666e-01
-8.247470137366406107e-01
9.102449628622046873e-01
1.026582861134225144e+00
-5.973163230590294859e-01
-9.747447408744149833e-01
7.157163812116724699e-01
8.576152467851843042e-01
-5.514188389498033693e-01
-7.207485272459983605e-01
2.680612294083628555e-01
-7.093745091028216265e-01
-7.591938601530525688e-01
4.082553006714437771e-01
-9.853975605033435947e-01
-7.739555654309775434e-01
4.831726780360181550e-01
5.290849021148744669e-01
9.313304355784080002e-01
-7.190956477005805425e-01
-6.269654025659008312e-01
4.851354575894202270e-01
4.659932890639773007e-01
2.730176336564945072e-01
9.538825963612751480e-02
-2.394386548586799890e-01
9.797815045338471585e-01
6.645270457861576774e-02
6.153249177642692302e-01
-9.317982510098268278e-01
-6.948467575923338302e-01
-3.008789422377091682e-01
9.425318768935807556e-01
-6.724345646841456414e-01
1.627475589282525448e-01
8.861893381960637139e-01
5.126162222081767084e-01
4.574917787586905149e-01
7.819842776826202435e-01
-7.106431986745498364e-01
-1.916562874379792447e-01
7.534745872533413769e-01
-1.344748840049234673e-01
-6.708886636250577240e-01
4.450276657862643759e-02
3.300845806270480409e-01
-6.354322552492934761e-01
7.562689265095619007e-01
2.546356265891773774e-01
-8.420310856713868475e-01
-9.555837796306612120e-01
4.196287920483445788e-01
-6.365406748785744639e-01
2.939017104531833069e-01
7.735346267758380634e-01
-9.718890132742670218e-01
3.302352775884287439e-02
8.225236740288757176e-01
6.862268197774308298e-01
3.015216248422316614e-01
1.364432649846181178e-01
-5.928198080723348085e-01
3.132801851378914648e-01
1.038496552847535392e+00
